run 15 20000000 1 111 111
run 15 20000000 1 113 311
run 15 20000000 1 115 511
run 15 20000000 1 117 713
run 15 20000000 1 119 913
run 15 20000000 1 191 131
run 15 20000000 1 171 151
run 15 20000000 1 151 171
run 15 20000000 1 131 191
run 15 20000000 1 911 113
run 15 20000000 1 711 115
run 15 20000000 1 511 117
run 15 20000000 1 311 119
run 15 20000000 1 333 913
run 15 20000000 1 555 715
run 15 20000000 1 777 517
run 15 20000000 1 1111 1111
run 15 20000000 1 2113 1311
run 15 20000000 1 3115 1511
run 15 20000000 1 4117 1713
run 15 20000000 1 5119 1913
run 15 20000000 1 6191 1131
run 15 20000000 1 7171 1151
run 15 20000000 1 8151 1171
run 15 20000000 1 9131 1191
run 15 20000000 1 8911 1113
run 15 20000000 1 7711 1115
run 15 20000000 1 6511 1117
run 15 20000000 1 5311 1119
run 15 20000000 1 4333 1913
run 15 20000000 1 3555 1715
run 15 20000000 1 2777 1517
run 15 20000000 1 6111 1111
run 15 20000000 1 6113 2311
run 15 20000000 1 6115 3511
run 15 20000000 1 6117 4713
run 15 20000000 1 6119 5913
run 15 20000000 1 6191 6131
run 15 20000000 1 6171 7151
run 15 20000000 1 6151 8171
run 15 20000000 1 6131 9191
run 15 20000000 1 6911 8113
run 15 20000000 1 6711 7115
run 15 20000000 1 6511 6117
run 15 20000000 1 6311 5119
run 15 20000000 1 6333 4913
run 15 20000000 1 6555 3715
run 15 20000000 1 6777 1517
run 15 20000000 1 6555 1715
run 15 20000000 1 6773 7517
